0.291951 0.531653 -3.26431 26.2053
0.114845 0.563036 -3.36179 21.6308
0.416879 0.462465 -3.13925 31.8122
0.286428 0.573982 -3.22424 26.7996
0.324577 0.56097 -3.16922 29.5877
0.526662 0.415077 -2.95928 37.1292
0.603595 0.432796 -2.73796 43.0682
0.582811 0.58052 -2.60587 48.2035
0.835574 0.2474 -2.35464 47.6068
0.28865 0.531821 -2.96822 38.8208
0.48188 0.771062 -2.5293 53.9982
0.305908 0.933512 -2.57043 57.9831
0.366926 1.20678 -1.80239 80.0422
0.0712191 1.0207 -2.65715 59.4915
-0.192108 0.938444 -2.58092 61.1503
-0.380451 0.76583 -2.55099 55.6854
0.0110755 0.52811 -2.9841 38.4449
-0.429403 0.563731 -2.62534 48.5331
-0.0272934 0.533428 -3.03866 35.2788
-0.794099 0.511451 -2.08643 55.5306
-0.416777 0.418198 -2.74201 42.9266
-0.338269 0.409567 -2.94954 36.7926
-0.633613 0.232839 -2.73213 40.6256
0.00273064 0.568761 -3.22305 25.6898
-0.222985 0.453972 -3.12496 31.5436
0.0594636 0.588367 -3.27525 23.4872
-0.0702615 0.526256 -3.25693 26.0406
0.134362 0.602184 -3.30306 22.8562
-0.201943 0.475979 -3.2438 27.5527
0.123929 0.573732 -3.33098 22.484
0.106115 0.569786 -3.39985 20.4118
0.372269 0.451555 -3.29369 26.388
0.358689 0.477675 -3.25504 27.4132
0.578927 0.26683 -3.09527 32.8745
0.37386 0.447064 -3.35054 24.7032
0.53277 0.344425 -3.05915 33.9695
0.705682 0.230994 -2.74306 40.1944
0.760978 0.0968392 -2.77745 38.4371
0.886415 0.0135363 -2.3769 44.3149
0.788962 0.00901651 -2.8771 36.2304
0.865133 0.185894 -1.95898 50.9123
0.812271 0.538209 -2.0635 54.5619
0.907587 -0.15952 -2.49614 41.2589
0.881828 -0.172195 -2.04834 46.39
0.653891 0.91154 -1.87575 65.5531
0.704857 0.436629 -1.61166 57
0.71316 -0.110636 -1.63836 49.9923
0.398989 0.59758 -1.32614 61.8071
-0.0201341 1.34835 -1.79316 100
-0.43645 1.21821 -1.8032 81.5253
-0.0118988 0.666221 -1.14917 63.357
0.0019743 -0.0139056 -1.21166 53.6697
-0.435596 0.598188 -1.31987 61.774
-0.72168 0.905811 -1.88129 66.3703
-0.728847 0.42215 -1.60205 57.2815
-0.832323 0.164942 -1.9748 50.9664
-0.822266 -0.181798 -2.061 46.3204
-0.830598 -0.000719376 -2.39687 44.2586
-0.763842 0.226479 -2.36943 47.1638
-0.848853 -0.173141 -2.5077 41.3377
-0.711782 0.104174 -2.77558 39.046
-0.526779 0.282756 -3.07782 33.1238
-0.746422 0.0135329 -2.87739 36.7272
-0.453961 0.345097 -3.03435 34.1831
-0.239476 0.458018 -3.28307 26.6125
-0.561041 0.241686 -3.1546 31.4598
-0.257243 0.456391 -3.3404 24.8934
0.0911764 0.616993 -3.48331 17.2896
0.0840404 0.652548 -3.52379 15.4824
0.375254 0.463108 -3.41081 22.8068
0.600129 0.221094 -3.16495 31.2015
0.609987 0.199175 -3.25681 29.3395
0.806668 -0.0604128 -3.00414 34.1135
0.614318 0.192586 -3.3556 27.3198
0.817747 -0.106511 -3.15051 32.1484
0.922855 -0.299798 -2.66457 38.4291
0.930397 -0.408744 -2.8647 35.8914
0.897062 -0.443384 -2.25094 42.3587
0.738436 -0.520811 -1.86036 45.0986
0.41254 -0.0467991 -1.34853 52.4995
0.42534 -0.529097 -1.56796 47.165
0.0186058 -0.513146 -1.42102 48.221
-0.407894 -0.0484514 -1.3459 52.6536
-0.378903 -0.527106 -1.56889 47.2309
-0.687952 -0.11675 -1.63505 50.2798
-0.67048 -0.862906 -2.20979 40.7452
-0.675847 -0.518083 -1.86284 45.2868
-0.827164 -0.444576 -2.25701 42.4021
-0.882711 -0.407365 -2.86908 35.8322
-0.86492 -0.303121 -2.66658 38.6251
-0.784478 -0.0870697 -3.14066 32.3263
-0.766922 -0.0470462 -2.99712 34.5901
-0.575936 0.221379 -3.24308 29.6586
-0.58322 0.216447 -3.33557 27.7787
0.0983602 0.587935 -3.44073 18.9704
-0.266978 0.4711 -3.4017 23.0211
0.373909 0.490067 -3.4735 20.9185
0.0720126 0.73975 -3.59444 11.9275
0.374126 0.517792 -3.53133 19.1733
0.370324 0.55421 -3.59104 17.2802
0.615361 0.205385 -3.4574 25.4438
0.808668 -0.114563 -3.3112 29.0634
0.919834 -0.455822 -3.11263 33.5411
0.904833 -0.663399 -2.53017 38.5773
0.896478 -0.461499 -3.38475 30.4131
0.897174 -0.793581 -2.8773 35.2564
0.881935 -0.843811 -3.26363 32.0289
0.747175 -1.08197 -2.64547 36.698
0.756513 -0.859971 -2.20394 40.6971
0.42854 -1.2772 -2.46759 37.6179
0.433919 -0.988747 -1.94488 42.0332
0.0339948 -1.03811 -1.82376 42.6476
0.0385913 -1.3619 -2.38296 38.0558
-0.353902 -0.990365 -1.94816 42.0939
0.0392489 -1.50173 -2.99337 33.8868
-0.34509 -1.27717 -2.47121 37.6428
-0.340257 -1.41012 -3.04331 33.5906
-0.66244 -1.08494 -2.65268 36.6473
-0.836292 -0.666231 -2.53441 38.6892
-0.835827 -0.799724 -2.87848 35.1871
-0.830946 -0.849677 -3.25649 31.8536
-0.890412 -0.452342 -3.11137 32.9873
-0.787897 -0.0887025 -3.30182 29.9624
-0.782971 -0.0616512 -3.47445 27.4648
-0.575364 0.256933 -3.54179 23.5191
-0.2747 0.52736 -3.52092 19.1745
-0.272884 0.496745 -3.46395 21.0332
-0.581211 0.229673 -3.43771 25.7238
0.078098 0.696134 -3.55962 13.7391
0.36089 0.604031 -3.64538 15.3008
0.349491 0.658653 -3.69498 13.1769
0.608507 0.235541 -3.56396 23.4566
0.589599 0.296037 -3.664 21.1866
0.755406 -0.032832 -3.6558 24.7196
0.789246 -0.0932358 -3.48635 26.8667
0.709544 0.0639623 -3.81094 22.5862
0.851225 -0.403388 -3.64023 27.4377
0.785817 -0.286479 -3.87788 24.43
0.843105 -0.792771 -3.62778 28.9315
0.788936 -0.647984 -3.96249 25.9261
0.735469 -1.18547 -3.14123 33.0173
0.420007 -1.41441 -3.04303 33.6798
0.705714 -1.14331 -3.61672 29.7445
0.398371 -1.38626 -3.61192 30.0982
0.0259809 -1.48641 -3.60885 30.2119
0.014657 -1.30526 -4.17943 26.9006
-0.35061 -1.20747 -4.13644 26.8316
-0.652539 -1.14221 -3.61601 29.6036
-0.65842 -1.18322 -3.14244 32.9184
-0.347257 -1.38212 -3.61065 30.034
-0.812479 -0.800247 -3.62101 28.8297
-0.885263 -0.453984 -3.37467 30.1431
-0.766135 -0.00964112 -3.63739 25.0646
-0.862084 -0.398729 -3.62716 27.4402
-0.570541 0.31069 -3.64285 21.3973
-0.737074 0.0804878 -3.793 22.5419
-0.558539 0.382089 -3.73939 18.9227
-0.279128 0.613785 -3.63488 15.0915
-0.274669 0.565008 -3.57836 17.1985
0.0654166 0.781267 -3.62899 10.1811
0.0587811 0.818406 -3.66482 8.49597
0.329306 0.713251 -3.7429 10.9956
0.0475276 0.876241 -3.73608 5.0417
0.536419 0.470038 -3.82954 16.3892
0.566802 0.370516 -3.75326 18.7707
0.653823 0.199767 -3.93846 20.3429
0.586218 0.363624 -4.02956 16.5333
0.704936 -0.105044 -4.06634 21.2946
0.69019 -0.404018 -4.22269 22.937
0.616884 0.11915 -4.19479 18.6729
0.57578 -0.668753 -4.37718 23.6896
0.665434 -0.972463 -4.05117 26.6945
0.372444 -1.21086 -4.13784 26.8752
0.318742 -0.871492 -4.51126 24.0027
-0.34852 -0.875569 -4.51326 23.964
-0.00591519 -0.965162 -4.5861 24.0684
-0.64131 -0.973713 -4.05138 26.5785
-0.614433 -0.67195 -4.37583 23.7002
-0.782702 -0.657779 -3.96136 25.9443
-0.733383 -0.412626 -4.21947 23.1017
-0.563224 -0.304392 -4.56468 20.84
-0.680816 0.115243 -4.18792 19.0273
-0.764278 -0.106464 -4.05858 21.9792
-0.821633 -0.284879 -3.86953 24.7338
-0.688471 0.204393 -3.9283 19.9144
-0.533674 0.471596 -3.82425 16.4252
-0.493082 0.577228 -3.89004 14.0185
-0.280018 0.669193 -3.68979 12.9884
-0.269756 0.718581 -3.74173 10.9014
0.0530974 0.848027 -3.70024 6.85286
0.254843 0.828002 -3.82048 5.90468
0.300877 0.773818 -3.78461 8.56051
0.0359966 0.931923 -3.80408 1.18918
0.489436 0.582904 -3.89299 13.3394
0.206561 0.880533 -3.84735 3.33399
0.417487 0.691008 -3.92516 10.0499
0.340536 0.793232 -3.94026 6.16925
0.503882 0.541122 -4.06176 12.8144
0.532176 0.375132 -4.2261 14.9753
0.415624 0.707585 -4.05819 8.57787
0.580767 -0.108585 -4.38133 19.691
0.495239 0.223609 -4.40254 16.4846
0.394543 0.094759 -4.56811 17.2358
0.471943 -0.304866 -4.5601 20.7244
0.258393 -0.452231 -4.7163 21.1285
0.324086 0.462301 -4.48619 12.7364
0.211929 -0.0140201 -4.71793 17.9295
0.171629 0.398434 -4.62395 13.6047
-0.0255998 -0.525441 -4.79911 21.3246
-0.0274127 -0.0700788 -4.79782 18.3206
-0.333819 -0.460964 -4.72545 21.1926
-0.280587 -0.0173053 -4.72496 17.9883
-0.372887 0.465382 -4.49119 13.1275
-0.471615 0.0992999 -4.57606 17.4493
-0.555444 0.229194 -4.40276 16.6321
-0.658844 -0.112929 -4.37992 20.205
-0.447584 0.543198 -4.3488 12.2926
-0.575922 0.380644 -4.22352 15.3811
-0.469225 0.627417 -4.20176 11.0898
-0.61895 0.358007 -4.02421 16.934
-0.532547 0.542366 -4.06154 13.3289
-0.251573 0.775329 -3.78434 8.69185
-0.432153 0.692258 -3.92296 10.7843
0.0415088 0.902794 -3.77053 3.15613
-0.218703 0.832849 -3.81828 6.31621
0.157348 0.934181 -3.87145 1.08037
0.117502 1.00792 -3.88285 0
0.25899 0.888042 -3.9423 1.95872
0.31442 0.853778 -4.03366 3.27787
0.440625 0.614925 -4.20292 10.6139
0.40976 0.531667 -4.35155 11.7954
0.330686 0.816266 -4.14352 4.36156
0.311084 0.779294 -4.25314 5.6474
0.248014 0.749703 -4.35027 6.64655
0.136561 0.737553 -4.44262 7.11995
-0.00669873 0.741811 -4.48635 7.2348
-0.0238432 0.365852 -4.69524 14.3059
-0.221104 0.397833 -4.62571 13.7819
-0.151313 0.736626 -4.44291 7.36963
-0.261084 0.75005 -4.35293 7.10051
-0.314265 0.783213 -4.25147 6.42445
-0.326957 0.820578 -4.14159 5.3914
-0.235945 0.978494 -4.0879 0
-0.440983 0.71331 -4.06222 9.5952
-0.311132 0.854699 -4.03491 4.22755
-0.362706 0.799085 -3.93995 7.47686
-0.169351 0.995725 -3.93802 0
-0.255026 0.889122 -3.94297 3.51387
-0.18132 0.887557 -3.8438 3.92117
-0.125662 0.93714 -3.86939 0.817197
0.0291175 0.960913 -3.83961 0
-0.0805016 1.00773 -3.88296 0
0.201365 0.556908 -3.2436 24.5392
0.270021 0.490674 -3.24006 26.4154
0.371304 0.422546 -3.11658 31.9636
0.478956 0.378926 -2.94557 36.9234
0.287914 0.514375 -3.16073 29.2252
0.304668 0.49775 -3.11172 31.8561
0.553756 0.400412 -2.73322 42.6171
0.538736 0.541927 -2.61129 47.4644
0.771272 0.233217 -2.33729 47.6394
0.443568 0.72626 -2.54491 53.0378
0.285704 0.879245 -2.57766 56.9732
0.223026 0.468898 -2.92614 40.7312
0.336239 1.15676 -1.81609 79.4142
0.158719 0.464122 -2.88875 41.3411
0.0847672 0.46772 -2.93502 40.8041
0.0691241 0.956972 -2.65599 58.2032
-0.172825 0.886269 -2.58714 59.8052
-0.339789 0.725211 -2.56461 54.6364
-0.65898 0.879816 -1.88677 66.722
-0.387045 0.524131 -2.63006 47.1782
-0.732232 0.487248 -2.07905 55.2832
-0.702808 0.204068 -2.34919 47.1624
-0.372721 0.379617 -2.73784 42.3686
-0.29662 0.365897 -2.94035 36.7469
-0.183741 0.405213 -3.11075 31.9171
-0.583844 0.193667 -2.71946 40.6087
-0.0497817 0.480856 -3.23691 26.4909
0.137827 0.576112 -3.26016 23.228
0.125645 0.531693 -3.30515 22.711
0.114812 0.505029 -3.35303 21.8376
0.106021 0.514514 -3.41373 20.4526
0.332072 0.430056 -3.2404 27.553
0.345606 0.401967 -3.29333 26.3201
0.525694 0.222925 -3.08067 32.8772
0.47957 0.307193 -3.03864 34.1148
0.646931 0.205287 -2.72414 40.2347
0.700278 0.067505 -2.7641 38.4136
0.818247 -0.00122681 -2.36481 44.3131
0.726312 -0.0239444 -2.86934 36.1282
0.751135 0.513809 -2.05925 54.5049
0.802427 0.173017 -1.96665 50.8398
0.59592 0.876924 -1.88459 65.4068
0.647615 0.425639 -1.63909 57.1781
0.656647 -0.0980006 -1.68438 50.0025
0.369676 0.580385 -1.36239 61.9269
-0.0235367 1.28292 -1.81172 100
0.384601 -0.0311668 -1.40733 52.5265
-0.0132823 0.642822 -1.19424 63.2575
-0.406801 1.17249 -1.81522 81.1003
0.00260992 0.00472342 -1.28324 53.6991
-0.405644 0.584107 -1.35382 61.8462
-0.667559 0.417387 -1.62487 57.3522
-0.768058 0.15491 -1.98043 50.8525
-0.755602 -0.177658 -2.07964 46.2085
-0.763354 -0.0160205 -2.38529 44.2766
-0.7754 -0.181332 -2.50479 41.3377
-0.684306 -0.017359 -2.87368 36.6405
-0.655839 0.0691422 -2.76739 38.9788
-0.415457 0.289163 -3.02926 34.2431
-0.182708 0.419008 -3.23687 27.8529
-0.482138 0.227993 -3.07302 33.1459
-0.510262 0.188093 -3.1501 31.4875
-0.217202 0.403 -3.28761 26.5829
0.0982069 0.535398 -3.47724 18.7391
0.347151 0.395506 -3.36445 24.5152
0.346557 0.413292 -3.43184 22.7272
0.552572 0.148593 -3.25496 29.2875
0.546863 0.170515 -3.15626 31.2669
0.740049 -0.0909316 -3.00096 34.1203
0.835553 -0.174864 -2.48931 41.2136
0.847032 -0.310254 -2.66004 38.3953
0.817554 -0.173548 -2.06794 46.2334
0.829151 -0.43538 -2.26688 42.2758
0.678437 -0.494349 -1.89679 45.0988
0.833286 -0.646039 -2.54247 38.5402
0.693028 -0.819682 -2.23078 40.7019
0.395435 -0.496158 -1.61718 47.1719
0.0187949 -0.473731 -1.48302 48.2736
0.402048 -0.938501 -1.98451 42.052
0.0337373 -0.977905 -1.8762 42.6812
-0.348284 -0.492984 -1.61704 47.3184
-0.377638 -0.0309017 -1.40178 52.5916
-0.628077 -0.100279 -1.67523 50.2768
-0.614799 -0.489254 -1.89712 45.3161
-0.608258 -0.821717 -2.23818 40.7334
-0.758391 -0.433691 -2.27427 42.3743
-0.788423 -0.310181 -2.66683 38.6113
-0.701335 -0.0774282 -2.99783 34.5088
-0.52126 0.167675 -3.24426 29.5932
-0.71542 -0.116942 -3.1458 32.2401
-0.243502 0.447055 -3.49302 20.8691
-0.239631 0.419723 -3.42424 22.8752
-0.231931 0.403326 -3.35641 24.7682
0.0911961 0.567943 -3.52721 17.1
0.0842331 0.606983 -3.57508 15.3523
0.340644 0.47051 -3.56282 19.0704
0.343224 0.441992 -3.50164 20.7512
0.552755 0.142001 -3.3606 27.2741
0.549639 0.155883 -3.46533 25.4083
0.74716 -0.134587 -3.15189 31.8622
0.538626 0.187121 -3.57481 23.4341
0.850786 -0.414313 -2.86246 35.8185
0.734676 -0.142525 -3.31234 29.0843
0.711847 -0.121085 -3.48726 26.8583
0.83757 -0.462245 -3.107 33.4495
0.823418 -0.773363 -2.88106 35.2391
0.681926 -1.03511 -2.65863 36.7004
0.668455 -1.13204 -3.14072 33.0077
0.396027 -1.21738 -2.4892 37.6307
0.038814 -1.28912 -2.41302 38.0353
0.386852 -1.34501 -3.04661 33.6933
0.0399519 -1.41637 -3.00106 33.9366
-0.32292 -0.93967 -1.98857 42.1144
-0.312996 -1.21673 -2.49358 37.6125
-0.307052 -1.33993 -3.04763 33.6152
-0.598475 -1.03683 -2.66735 36.6423
-0.765409 -0.648601 -2.55031 38.6314
-0.592712 -1.1282 -3.1434 32.9209
-0.755318 -0.822114 -3.25436 31.8503
-0.803168 -0.413294 -2.8725 35.7856
-0.762572 -0.777128 -2.88536 35.1417
-0.799715 -0.453878 -3.36946 30.1592
-0.807867 -0.455253 -3.11047 32.9866
-0.716598 -0.117697 -3.30799 29.8702
-0.524648 0.162632 -3.34242 27.7205
-0.70943 -0.0897685 -3.48165 27.3886
-0.521157 0.174595 -3.45095 25.6801
-0.245295 0.477291 -3.55506 19.0741
-0.24524 0.51456 -3.61756 17.1843
0.0768549 0.651074 -3.61466 13.5315
0.0632625 0.732678 -3.68487 10.0865
0.323127 0.556314 -3.68122 15.2598
0.334044 0.507723 -3.62586 17.24
0.516229 0.249193 -3.67979 21.1929
0.310246 0.609707 -3.73182 13.2307
0.489941 0.325247 -3.77398 18.8072
0.811561 -0.468777 -3.37571 30.327
0.675431 -0.0615323 -3.65638 24.7106
0.764647 -0.413945 -3.6256 27.396
0.80597 -0.820736 -3.25886 32.0135
0.636535 -1.09425 -3.59845 29.7628
0.765226 -0.773518 -3.61133 28.9346
0.709144 -0.632554 -3.93437 25.9168
0.364808 -1.32046 -3.59348 30.1278
0.59409 -0.927768 -4.01513 26.6878
0.0280353 -1.40386 -3.59025 30.2619
-0.311031 -1.31656 -3.59379 30.0601
-0.311365 -1.14653 -4.09839 26.8479
-0.582143 -1.09364 -3.60088 29.6332
-0.733453 -0.777424 -3.60786 28.8749
-0.774428 -0.401654 -3.616 27.519
-0.513829 0.200593 -3.56141 23.5414
-0.688667 -0.0373183 -3.64332 24.9995
-0.655679 0.0532508 -3.79766 22.4684
-0.503259 0.25826 -3.66588 21.4012
-0.244319 0.618622 -3.72949 13.1434
-0.246565 0.563275 -3.67434 15.2412
0.0693338 0.695195 -3.65324 11.7087
0.0571518 0.765782 -3.71778 8.41777
0.0471094 0.819414 -3.78567 5.06166
0.289135 0.661571 -3.77628 11.1466
0.457102 0.421403 -3.84502 16.406
0.626993 0.0344107 -3.8112 22.4461
0.697578 -0.300313 -3.85766 24.4448
0.569637 0.166486 -3.9335 20.0431
0.615881 -0.122971 -4.04095 21.429
0.60976 -0.401345 -4.18464 22.9013
0.4997 -0.118667 -4.33337 19.6819
0.503975 -0.645479 -4.32649 23.6589
0.399679 -0.303012 -4.49475 20.6981
0.282293 -0.834561 -4.45096 24.0492
0.219464 -0.440589 -4.63618 21.1192
0.338475 -1.14863 -4.09738 26.8669
0.0180628 -1.22551 -4.13454 26.8896
-0.00700924 -0.914572 -4.51621 24.104
-0.311233 -0.839349 -4.45534 23.9952
-0.538765 -0.6501 -4.32989 23.697
-0.486973 -0.30281 -4.50402 20.8328
-0.566225 -0.931594 -4.02016 26.5877
-0.700278 -0.639697 -3.93719 25.9529
-0.650991 -0.410139 -4.18473 23.1358
-0.731869 -0.290834 -3.8524 24.7454
-0.675162 -0.12334 -4.03504 22.0407
-0.485512 0.33357 -3.76583 18.8134
-0.605179 0.171777 -3.92853 19.848
-0.533763 0.320011 -4.02001 16.9248
-0.456206 0.423239 -3.84824 16.4986
-0.231534 0.66704 -3.77937 11.1316
-0.210828 0.722818 -3.81991 8.92591
0.0520737 0.793301 -3.75152 6.82261
0.0395566 0.84898 -3.82236 2.88698
0.259781 0.719403 -3.81453 8.75675
0.407662 0.530903 -3.90323 13.3101
0.214193 0.77242 -3.85614 5.91564
0.338139 0.633659 -3.94465 9.95302
0.500396 0.326613 -4.01939 16.5395
0.263612 0.730534 -3.96901 6.15768
0.419801 0.495119 -4.05708 12.8335
0.443363 0.340477 -4.19724 14.9867
0.527014 0.0971307 -4.16422 18.6564
0.352867 0.567635 -4.17578 10.5002
0.416632 0.197865 -4.35367 16.3727
0.333614 0.490263 -4.30176 11.8058
0.326144 0.0779267 -4.49921 17.1698
0.259552 0.426782 -4.41374 12.6785
0.177005 -0.0225154 -4.63452 17.8415
-0.0311937 -0.504011 -4.70421 21.3525
-0.0288624 -0.0702371 -4.69989 18.2266
-0.0211488 0.344106 -4.59427 13.9732
-0.298491 -0.449459 -4.64767 21.2281
-0.246368 -0.0272757 -4.64325 17.9849
-0.309361 0.424235 -4.42086 13.008
-0.401727 0.0795175 -4.51057 17.4481
-0.576485 -0.126037 -4.33462 20.1772
-0.47699 0.199675 -4.35555 16.6625
-0.488901 0.341389 -4.19459 15.4773
-0.373034 0.497267 -4.29967 12.2062
-0.592349 0.087446 -4.15798 19.0813
-0.44907 0.494935 -4.05871 13.4133
-0.411174 0.529033 -3.91159 13.8198
-0.352219 0.636652 -3.94624 10.8516
-0.284744 0.736068 -3.96496 7.52663
-0.179712 0.778139 -3.85583 6.55182
0.0325103 0.881123 -3.85812 0
0.166356 0.823785 -3.88875 2.97826
0.121703 0.89772 -3.92908 0
0.18808 0.849755 -3.98385 0
0.333283 0.652591 -4.05899 8.69779
0.231798 0.820379 -4.04798 2.20278
0.242939 0.787753 -4.12727 3.59945
0.169646 0.967136 -4.13139 0
0.186732 0.727538 -4.28353 6.0314
0.23682 0.753955 -4.20738 5.05507
0.140708 0.369801 -4.53725 13.5023
0.105405 0.721426 -4.35866 6.35151
0.134723 0.962479 -4.18543 0
-0.00389377 0.731721 -4.38674 6.21986
0.0789649 0.963401 -4.22023 0
0.0102792 0.965854 -4.22742 0
-0.187993 0.366387 -4.54006 13.6076
-0.114474 0.720524 -4.35743 6.45599
-0.0547486 0.964906 -4.21366 0
-0.191777 0.727936 -4.2903 6.21276
-0.233355 0.759179 -4.21423 5.55124
-0.131556 0.970454 -4.14681 0
-0.383651 0.576703 -4.17384 11.1441
-0.359216 0.656444 -4.06076 9.67936
-0.238388 0.794624 -4.12966 4.31964
-0.228978 0.823643 -4.05307 2.8969
-0.13537 0.981503 -4.04464 0
-0.185201 0.852964 -3.98597 2.16945
-0.144083 0.830649 -3.88333 4.04301
-0.0956189 0.901743 -3.92578 0
-0.107661 0.986427 -3.99902 0
0.0181144 0.996878 -3.93838 0
0.024809 0.926278 -3.90629 0
0.210819 0.575736 -3.26217 24.3562
0.308017 0.539924 -3.16538 29.4263
0.248478 0.531377 -3.19941 26.8916
0.324065 0.525487 -3.10741 31.984
0.314753 0.514677 -3.03902 35.4388
0.299941 0.485734 -3.0473 35.141
0.269996 0.476833 -2.99059 38.1139
0.159151 0.500381 -2.88523 42.1864
0.0798773 0.500995 -2.92729 41.4172
0.0194876 0.503157 -2.99393 37.9886
0.029699 0.472867 -3.00586 37.5366
-0.0169722 0.508586 -3.04626 35.1161
-0.032951 0.517758 -3.10538 31.8731
-0.00444328 0.478431 -3.05549 34.938
-0.0181046 0.487738 -3.1119 31.7113
-0.0181461 0.533781 -3.16082 28.6587
0.0207912 0.549978 -3.21252 25.726
0.0002389 0.50737 -3.15769 28.5665
0.0427148 0.527176 -3.19973 25.7411
0.0811883 0.554539 -3.24214 23.7805
0.135927 0.590408 -3.28368 23.0671
0.218608 0.591247 -3.27747 24.2796
0.269286 0.554737 -3.21302 26.8585
0.340044 0.548336 -3.10386 32.2496
0.326956 0.53852 -3.03219 35.7634
0.232747 0.529456 -2.91174 41.5706
0.280224 0.506983 -2.97832 38.4582
0.159506 0.530251 -2.88233 42.8507
0.228356 0.502102 -2.91825 41.1994
0.0758491 0.528406 -2.92092 41.9413
-0.0451814 0.542488 -3.10001 32.2824
-0.0332916 0.555538 -3.1634 28.637
0.0692765 0.573087 -3.26029 23.6311
0.0864176 0.99175 -3.95671 0
0.130276 0.983719 -3.98938 0
0.158392 0.977933 -4.03465 0
0.219548 0.978 -4.08638 0
0.171442 0.972662 -4.08344 0
0.0961779 0.965387 -4.26477 0
-0.0986992 0.965609 -4.18928 0
-0.13987 0.967299 -4.2194 0
-0.179408 0.971626 -4.1607 0
-0.194586 0.977955 -4.08974 0
-0.144381 0.9773 -4.09196 0
-0.141486 0.991525 -3.96558 0
-0.0701812 1.00146 -3.91605 0
-0.0576533 0.993844 -3.95621 0
0.0209277 1.00701 -3.89489 0
0.103461 1.00062 -3.91621 0
0.19517 0.997594 -3.93504 0
0.165858 0.991327 -3.95958 0
0.241294 0.989738 -4.00681 0
0.203848 0.984406 -4.01938 0
0.259177 0.982397 -4.0888 0
0.209333 0.97222 -4.15428 0
0.242028 0.976409 -4.17312 0
0.192753 0.971289 -4.24646 0
0.110358 0.967023 -4.30145 0
0.166541 0.96731 -4.21889 0
0.00736365 0.964287 -4.32567 0
-0.0953156 0.965664 -4.29898 0
0.00868056 0.964995 -4.28129 0
-0.0769918 0.965322 -4.26044 0
-0.173786 0.968691 -4.24421 0
-0.218827 0.972592 -4.17215 0
-0.21791 0.98675 -4.00686 0
-0.180628 0.98438 -4.02393 0
0.0232453 1.01535 -3.85907 0
-0.126953 0.446537 -3.07004 33.1742
0.611356 0.0142728 -3.90877 21.6254
-0.582871 0.224635 -2.90496 36.9763
0.0966693 0.970908 -3.86585 0
0.519007 0.263566 -3.78187 19.7867
0.491948 0.344621 -3.36516 25.7716
-0.379534 0.357577 -3.58949 20.8576
0.646402 0.0255347 -3.18078 30.9897
0.547191 0.379397 -4.11274 15.5027
0.836 -0.529603 -2.90011 35.3982
0.747991 -0.891685 -3.79237 27.9853
0.760586 -0.795683 -2.56771 38.0151
-0.0883914 0.528212 -3.42078 20.793
0.189427 0.972965 -1.55965 77.7844
-0.342552 0.595408 -3.88019 12.2771
-0.107722 0.513313 -3.52702 18.4519
0.489416 0.394875 -3.5775 20.7832
0.804223 0.0947841 -1.85685 50.7674
0.19849 0.52196 -4.52771 11.2724
-0.239946 0.387076 -3.18581 29.7551
0.246313 0.814138 -4.29992 4.55471
0.101819 0.587635 -3.28167 23.187
0.177758 0.83168 -3.94485 1.19456
0.41348 0.353949 -3.16429 30.683
-0.0916513 0.647976 -3.67961 12.5675
0.677512 -0.695138 -4.13485 25.0426
-0.211681 0.804162 -4.19988 3.90904
0.445694 0.298382 -3.3809 25.5699
0.429067 0.318991 -3.19477 29.9488
0.175007 -0.692251 -1.6183 45.8977
0.277667 0.744543 -4.05296 5.56114
-0.618877 0.028449 -3.37947 28.0777
-0.0985169 0.499421 -3.50783 19.057
0.464641 0.855268 -1.7431 68.0536
0.228975 0.571307 -3.49865 18.148
0.582686 0.131857 -3.71518 22.351
0.261504 0.621892 -3.59228 15.3261
-0.0905163 0.733277 -2.78251 50.0467
0.413237 0.42945 -3.7058 17.763
0.52481 0.267173 -3.83154 19.2411
0.46807 0.396132 -3.50254 22.1088
0.162105 0.795255 -3.84606 4.84175
0.19109 0.556932 -3.43638 19.8063
0.807578 -0.478793 -3.78288 26.3698
-0.0885971 0.867822 -3.7944 4.37686
0.239798 0.583491 -3.51254 17.6662
0.183127 0.778095 -4.25143 4.33361
0.115363 0.775475 -2.76974 51.6569
0.467183 0.274532 -3.44218 24.611
0.222212 0.671683 -2.7332 48.6064
0.14653 0.907726 -3.84473 1.75266
0.48273 0.351378 -3.21502 29.7198
0.221294 0.803228 -4.18982 3.42453
0.83748 -0.265957 -2.46818 40.9776
0.249362 0.609454 -3.55739 16.2453
-0.43473 0.393586 -3.75818 17.9462
0.838496 -0.369983 -2.47236 40.3121
-0.191505 0.641491 -2.8119 45.5031
0.25287 0.159853 -4.63334 16.1907
0.306513 0.660453 -4.15532 7.96602
0.202682 1.05687 -2.23604 68.6598
-0.289813 1.02938 -2.20118 70.8453
0.295273 -0.072121 -4.53885 18.5319
0.505772 -1.183 -2.75166 35.8245
-0.21956 0.976504 -4.109 0
0.555139 0.146537 -4.29946 17.7258
-0.100529 1.07835 -2.21163 76.8693
0.830078 -0.825249 -2.5561 37.9958
-0.422605 0.437849 -3.61061 19.5126
0.607643 0.0939027 -3.13273 31.7923
-0.612253 0.177987 -2.99982 34.8307
0.161859 -0.198331 -1.41862 51.0289
0.183699 0.687744 -3.7248 10.7218
0.356133 -0.0774299 -4.49739 18.6826
-0.595963 0.110471 -3.6546 23.412
0.156508 0.611928 -3.51122 16.8084
-0.0919508 0.632926 -3.56865 15.159
0.573188 -1.03019 -2.25635 39.7816
0.198992 0.558589 -3.45579 19.25
0.155957 -1.05869 -2.083 40.9514
0.82499 -0.0639327 -2.32265 44.2988
0.155658 0.768368 -3.8004 6.71912
0.91433 -0.531978 -2.89894 35.4463
0.831229 -0.600326 -2.23388 41.6408
0.449954 0.279691 -3.25728 28.6025
0.329949 -0.618766 -4.46874 22.7965
-0.0907202 0.81371 -3.73994 7.21888
0.250624 -0.635978 -4.54432 22.5973
0.177036 0.510113 -3.47263 19.4046
0.352391 0.465214 -3.06623 33.8405
0.145194 0.899022 -3.83178 2.29383
0.770421 -0.175502 -3.03733 33.6545
-0.447296 0.467444 -3.94354 14.8186
0.836982 -0.427755 -2.48244 39.966
0.356782 0.601546 -2.76775 45.3894
-0.174816 0.809984 -3.90117 4.78172
0.215331 0.550842 -3.29471 24.0016
-0.00551213 0.501202 -3.18078 27.831
0.0719667 0.58787 -4.54435 9.94014
-0.430621 0.386338 -3.74481 18.2079
0.337824 0.506248 -3.21839 28.2979
0.148284 0.753431 -3.78174 7.50796
-0.239174 0.446506 -3.15895 30.4597
0.473375 0.471561 -3.679 17.8623
-0.609922 0.0380958 -3.32712 28.806
0.518567 0.265557 -3.75583 20.0401
-0.402031 0.651914 -3.85019 12.0368
0.440812 0.878085 -2.23113 61.3405
0.266019 0.67441 -4.23585 7.42586
-0.433528 0.453195 -3.6391 18.8063
-0.0724044 0.587813 -3.616 15.0761
0.329323 0.623114 -2.76349 46.1454
0.584113 0.125406 -3.79955 21.6142
-0.489119 0.367683 -3.86598 17.3062
0.211495 0.52591 -3.53899 17.9114
-0.0897769 0.506432 -3.33366 23.7153
-0.412279 0.42402 -3.56162 20.645
0.744726 -0.0193942 -2.76829 37.8107
0.172742 0.630203 -3.53207 16.0573
-0.0722058 0.760717 -3.67447 9.95162
-0.174811 0.476894 -3.19628 28.9434
-0.115595 1.12082 -2.23044 76.9302
-0.38214 0.291177 -3.38333 25.7031
0.225067 0.833974 -4.11631 1.87204
-0.119879 0.786298 -1.36245 68.394
-0.160405 0.808043 -4.25625 3.47356
0.437 0.466272 -3.93998 14.4067
-0.0545829 0.722936 -3.63104 11.6495
0.259517 0.919992 -3.98825 1.0492
-0.440265 0.35176 -3.44971 23.9396
-0.236273 0.549177 -2.82385 42.6242
-0.00370294 0.505115 -3.16425 28.4171
-0.147176 0.805067 -4.26535 3.4653
0.648359 -0.105483 -4.20677 20.5211
0.75285 -0.0606074 -2.77702 37.5692
0.5933 0.0183714 -3.98848 20.7959
0.81617 -0.587182 -3.18342 32.5768
-0.239222 0.509549 -2.82312 41.7113
-0.605438 0.464824 -2.41422 50.5092
-0.0793771 0.758059 -3.78572 7.51935
0.0553043 0.961279 -3.93504 0
0.780521 -0.570209 -3.48472 29.3672
0.329881 0.630651 -4.00638 9.42864
-0.372741 0.368364 -3.22983 29.0296
0.168986 0.964299 -3.90448 0
0.219047 0.472285 -3.32707 23.3358
-0.0383269 0.488659 -3.13778 30.3033
0.144595 -0.158996 -4.74094 18.9084
0.282475 0.501998 -3.39346 22.1503
0.313389 0.53919 -2.87917 41.3144
0.655064 -0.337064 -3.99617 23.4803
-0.395549 0.293236 -3.41157 25.0961
0.828389 -0.223794 -2.28557 43.3272
0.466305 0.563022 -4.1312 11.7888
0.459333 0.402427 -3.46899 22.6932
0.596249 0.105205 -3.87676 21.1864
0.420274 0.65293 -3.85324 11.6504
0.13911 0.918153 -3.97078 0
0.339107 0.559194 -3.72453 14.6336
-0.371981 0.38374 -3.06651 33.3507
-0.0181335 0.519805 -3.14597 29.3798
0.815647 -0.960961 -2.95956 34.4546
0.37897 0.564389 -4.00087 11.4514
-0.581987 0.103425 -3.03619 33.8929
0.863068 -0.573237 -3.49499 29.3806
-0.546975 0.507043 -2.37477 52.1001
0.462165 0.337857 -4.09942 15.6007
0.412403 0.629983 -3.80588 12.6207
0.378801 0.731932 -4.12 7.17982
-0.562081 0.130974 -2.9942 34.7717
0.793795 0.186428 -2.25348 47.9788
0.161814 -0.64717 -1.67016 45.9232
0.262933 0.696167 -2.77092 48.4063
0.629432 0.0503947 -3.15083 31.5211
0.540119 -1.30044 -3.28421 32.1348
0.623571 0.11901 -2.96018 35.1924
0.168316 0.940146 -1.59249 77.8628
0.421507 0.475898 -3.98305 13.6865
0.820236 -0.304376 -1.99503 45.7074
-0.385575 0.610193 -3.77794 13.6698
0.739616 -0.329203 -4.02346 23.4536
0.347204 0.495534 -2.88162 40.3782
-0.0978545 0.506132 -3.36648 22.7033
-0.0756067 0.736458 -3.76406 8.54289
0.328962 0.233478 -4.42472 15.4375
0.354278 -0.0670066 -4.61194 18.6017
-0.0331235 0.536888 -3.13476 30.1818
-0.339525 0.506104 -3.74383 15.7741
0.333496 0.766477 -3.89418 7.36217
-0.319525 0.370145 -3.4523 23.1582
-0.54895 0.166893 -2.95546 35.6329
0.177097 -0.227011 -1.35904 50.9971
0.343674 0.583588 -3.7986 13.0192
-0.366956 0.579575 -3.70527 15.1154
0.335949 0.620426 -3.88578 10.8602
0.329089 0.592668 -2.7428 45.9032
-0.0629252 0.707168 -3.72244 10.179
0.604112 0.153115 -2.93848 35.7528
-0.679168 0.0976409 -3.50812 25.8196
0.667589 0.0423917 -4.05477 20.2978
0.435731 0.556171 -2.78704 43.5522
0.262093 0.452809 -3.41854 21.8808
0.480878 0.39683 -3.53075 21.6087
-0.0786206 0.595785 -3.52249 16.9478
-0.184567 0.610983 -2.79183 45.1449
-0.29822 0.366875 -3.40742 24.15
0.0734857 0.7797 -2.78628 51.5761
-0.329006 0.579823 -4.27274 10.3092
0.462959 0.368718 -3.31492 26.7414
0.20597 0.473572 -3.30577 23.5631
-0.203208 0.867101 -4.05075 0
0.241088 0.692906 -3.77814 9.96468
-0.388074 0.359913 -3.30045 27.2195
0.107372 0.582987 -3.27366 23.2369
0.636651 0.022298 -3.44358 26.7315
0.574249 0.135951 -3.67126 22.7925
0.335055 0.532413 -3.19256 28.9174
-0.507391 0.237025 -2.86012 38.0513
-0.349482 0.307583 -3.31084 27.1327
0.263566 0.716195 -3.92038 7.12876
0.431905 0.354365 -3.60144 20.6112
0.2329 0.544261 -3.58399 16.7638
0.184231 0.820975 -3.76227 6.58516
0.478164 0.347396 -3.34329 26.21
0.304869 0.467234 -3.19757 28.5531
0.0559228 0.149782 -4.61857 15.9728
-0.0806638 0.474153 -3.44918 20.6813
0.441545 0.304264 -3.21442 29.5156
-0.378735 0.406225 -3.66998 18.7941
0.457862 0.277861 -3.42447 24.9003
-0.430307 0.354559 -3.39883 24.9812
-0.326051 0.323179 -3.23654 28.7937
0.198506 0.522608 -3.51268 18.4364
0.396105 0.439663 -3.39713 23.5451
0.223746 0.459212 -3.35457 22.8478
-0.570596 0.19341 -3.78174 20.9048
0.378152 0.645427 -4.2684 9.13689
-0.156082 0.496767 -3.0773 33.1822
-0.64703 0.121093 -3.08883 32.9865
0.506989 0.321332 -3.26678 28.436
0.578135 -0.404179 -4.37914 22.0198
-0.341863 0.733793 -3.85365 9.54972
0.502017 -0.404151 -4.32964 22.0233
-0.401374 0.413425 -3.52971 21.3584
0.141208 -1.39477 -3.78478 29.1188
-0.594474 0.0710697 -3.08299 33.0208
-0.165852 0.635533 -2.78838 46.0799
-0.0454643 0.697607 -3.60797 12.7191
-0.205163 0.866899 -4.06402 0
0.241926 0.584251 -3.64593 14.8794
0.280996 0.662895 -4.2005 7.71276
0.284456 0.499499 -3.17515 28.7034
0.778038 -0.217938 -3.06565 33.3252
0.123181 0.544373 -4.44858 10.1628
0.383263 0.510882 -4.12176 11.9414
0.218167 0.691832 -2.75736 48.8147
0.408913 0.619769 -3.7762 13.1902
0.387473 0.366959 -4.27232 14.0413
0.176386 0.872616 -4.19141 0
0.482931 0.485695 -2.90548 39.2312
0.783302 -0.179603 -2.86313 35.8804
0.0822767 0.936832 -3.84193 0.4302
-0.560461 0.278549 -2.85519 38.3414
0.462503 0.560771 -2.80633 42.9771
-0.063977 0.709407 -2.73414 50.5874
0.382952 0.548857 -3.96529 12.1054
0.161818 0.141631 -4.59382 16.1371
0.756244 -0.29279 -2.02069 45.6939
0.800124 -0.227746 -2.89105 35.4947
0.136042 0.592689 -3.47186 18.1429
0.312387 0.487426 -3.14777 30.2394
0.84358 -0.42133 -2.66409 38.0285
-0.499385 0.802513 -2.22569 60.5897
0.2353 0.577655 -3.63607 15.1589
0.194687 0.649623 -3.56881 14.9098
0.367861 0.629893 -2.78829 45.3455
0.671987 -0.86882 -3.76247 28.0552
0.201563 0.865847 -4.1675 0
0.562512 0.25669 -2.88278 37.4712
-0.263953 0.847252 -3.8876 5.46276
-0.588909 0.0984278 -3.59658 24.2386
0.276058 0.530783 -2.83447 42.8505
0.47072 0.399289 -4.31292 14.0617
-0.24631 0.378435 -3.20207 29.3248
-0.0882633 0.616549 -3.54137 16.1438
-0.368649 0.350186 -3.55798 21.4987
-0.683241 0.106191 -3.59585 24.5372
0.661744 0.040177 -3.01265 33.9966
0.309147 0.47762 -3.1585 29.8489
0.0557743 0.557069 -3.30499 23.141
0.337394 0.726722 -3.79158 9.91793
0.262038 0.812672 -2.66389 54.1437
0.51165 -1.21074 -3.79823 28.7664
0.522215 0.297865 -3.31439 27.4145
-0.0832273 0.607591 -3.63594 14.318
0.532983 0.295527 -1.4593 56.4064
-0.0905095 0.486534 -3.47065 20.0757
0.399119 -1.07415 -2.22999 39.8771
-0.166073 0.974562 -4.11556 0
0.744625 -0.926753 -2.96202 34.4588
-0.374038 0.953811 -2.1816 66.8503
-0.312293 0.485174 -3.67217 17.1351
0.141771 0.881695 -3.81201 3.26061
0.275611 0.497302 -3.3827 22.4717
0.64914 -0.00951278 -3.51895 25.9022
-0.0911958 0.829438 -3.75846 6.34313
0.442919 0.519379 -2.78624 42.9107
-0.455805 0.359001 -2.78932 40.7537
-0.00269958 0.558788 -3.24217 25.3393
-0.0116615 0.557228 -4.48016 10.0244
0.0625782 0.561509 -3.24502 24.0657
0.190436 -0.154761 -4.63505 18.9935
0.113923 0.57599 -3.26698 23.2567
-0.10402 0.513071 -3.38363 22.157
0.370746 0.372699 -3.32695 25.8407
0.510079 0.880531 -1.72159 67.9439
0.474112 -0.939806 -4.25751 25.4029
0.28413 0.813237 -2.67203 53.9026
-0.0124404 0.501766 -3.19571 27.4134
0.481683 -0.0839087 -4.49422 18.9155
0.372127 0.401485 -3.46758 22.238
0.397327 0.705581 -3.9825 8.86802
0.127779 -0.632476 -4.58761 22.3666
0.399392 0.506958 -3.0915 33.2761
-0.386366 0.365135 -3.26143 28.2523
0.224103 0.830123 -4.10664 2.05637
0.393848 0.388109 -3.5121 21.6139
0.431582 0.417798 -4.12716 13.9318
-0.33996 0.319787 -3.27633 27.8486
0.239176 0.689332 -3.77106 10.171
0.200847 0.510327 -3.27125 24.0806
-0.0645588 0.458392 -3.3848 22.3745
-0.317517 0.495067 -3.70151 16.5269
0.370384 0.535035 -3.06174 34.3089
-0.532413 0.287337 -2.82894 38.9869
0.39143 -1.28133 -2.76849 35.6489
-0.340312 0.702539 -3.82318 10.6677
-0.0552841 0.538901 -3.54015 17.5076
-0.016112 0.819459 -1.36464 72.1429
0.791486 -0.981098 -3.39444 31.0707
0.2947 0.242653 -4.45885 15.1653
0.349937 0.746981 -4.19416 6.55668
0.265671 0.504631 -3.35091 23.2378
0.401744 0.608714 -3.74606 13.7922
0.36182 0.461976 -3.07749 33.387
0.715096 -0.180193 -3.5746 26.3437
0.44346 0.404004 -3.43939 23.2174
-0.158706 0.484557 -3.15916 30.2277
-0.282576 0.470916 -3.60975 18.3278
-0.385277 0.380767 -3.09143 32.7704
-0.060685 0.454288 -3.28451 25.0496
0.20463 0.127847 -4.56063 16.298
-0.0480079 0.478315 -3.16408 29.3205
0.311302 0.654407 -4.1319 8.15235
-0.635393 0.150179 -3.04342 33.918
0.152594 0.658465 -3.6654 12.4785
-0.0759223 0.796337 -4.31725 3.77288
0.213375 0.733452 -3.68086 10.8189
0.423806 0.514089 -2.7735 43.0897
0.0437409 0.57276 -3.24975 24.3132
0.490156 0.295575 -1.49757 56.4094
-0.688822 0.116978 -3.63955 23.8825
0.270731 0.566292 -2.85343 43.1459
0.311126 0.497918 -3.13459 30.7643
0.324828 0.812191 -3.99101 4.87376
0.374354 0.364859 -3.33609 25.6973
0.574803 -0.678426 -1.85499 44.3253
0.241968 0.552228 -3.59571 16.4249
-0.302645 0.342497 -3.17124 30.3985
0.0390359 0.530824 -3.24046 24.7048
-0.271196 0.820541 -3.86263 6.5299
-0.200461 0.857046 -4.13575 1.80855
-0.0552994 0.458857 -3.35078 23.1703
0.177133 0.801273 -3.73922 7.61351
0.214984 0.77716 -3.92888 4.42402
0.423421 0.361864 -3.55931 21.1807
0.28253 0.740308 -3.74177 9.9753
-0.557687 0.31517 -2.65045 43.0408
0.139542 0.645472 -3.64598 13.1029
0.371279 0.460863 -4.22715 12.5473
-0.36238 0.419224 -3.45633 22.656
0.293156 0.849444 -4.19638 3.39461
-0.480375 0.39107 -3.90177 16.5815
0.0375356 0.847561 -4.30349 2.27227
-0.0950854 0.799857 -4.31076 3.79209
-0.608344 0.0400193 -3.2001 30.9375
-0.376951 0.381456 -3.07902 33.047
0.462043 -1.15393 -3.7723 28.7841
-0.0399944 0.683294 -3.58924 13.4083
0.586823 0.214032 -2.9009 36.8488
0.356968 0.471799 -3.62014 18.0933
0.133742 0.641856 -3.63177 13.4753
-0.673622 0.0962387 -3.45454 26.6163
0.125973 0.406933 -1.26882 59.3602
-0.290447 0.74473 -4.0567 6.55182
0.174724 0.781782 -4.26088 4.20769
-0.519342 0.194078 -2.91609 36.6018
0.0739991 0.913877 -3.80693 1.90044
0.431431 0.304242 -3.35897 25.9338
0.468346 0.592328 -3.95663 12.2632
0.218682 0.544636 -3.30464 23.8333
0.669422 -0.103785 -3.75399 24.0277
0.278803 0.489489 -2.96798 38.6802
0.152274 0.883195 -4.21854 0
0.471841 0.326881 -3.691 19.8021
0.010515 0.528674 -3.18511 26.9996
0.499126 0.398316 -3.59993 20.3957
0.120425 0.726763 -3.72129 9.51489
0.221875 0.796412 -3.97721 3.27597
0.680612 0.158922 -2.97106 35.2668
-0.599553 0.212508 -2.95893 35.7476
0.126104 0.891613 -4.23636 0
-0.449641 0.357456 -3.47343 23.4137
-0.205401 0.858724 -4.11643 1.6825
0.275515 -0.168154 -4.56421 19.2482
0.339242 0.577648 -3.77571 13.4459
0.525962 -0.981274 -2.28297 39.7707
0.46186 0.273541 -3.27321 28.2806
0.340502 0.61651 -3.86295 11.3438
-0.0375332 0.87183 -4.27725 0
-0.0062816 0.361732 -1.23345 58.8976
0.488904 -1.24252 -3.27216 32.1933
0.203086 0.658227 -3.59295 14.2442
0.172321 -1.12193 -2.04949 40.9341
0.233218 0.535544 -4.36665 10.4473
-0.000340208 0.541188 -3.18446 27.2035
0.530336 -0.642814 -1.89533 44.348
-0.27646 0.465131 -2.87719 39.4854
0.56845 0.15602 -3.10108 32.3877
0.48865 0.348695 -3.91837 17.0193
0.841997 -0.530695 -2.70175 37.2527
-0.647722 0.204 -3.71244 21.7787
0.764355 -0.578515 -2.25505 41.6374
-0.224676 0.504737 -2.8106 41.788
-0.273151 0.700682 -2.66969 51.5231
0.0752289 0.920103 -3.81403 1.52896
-0.330271 0.656783 -4.15761 8.85805
-0.0871661 0.235245 -4.60863 15.2825
0.0103951 0.588564 -2.83458 44.1023
0.692691 0.0900186 -3.15056 31.6334
-0.0448327 0.934531 -3.83674 0.742254
0.468231 0.325531 -3.68015 19.9504
0.288848 0.455903 -3.46335 21.0323
0.128951 -1.32089 -3.7551 29.1496
0.253137 0.448336 -3.40705 22.0982
-0.673682 0.0815784 -3.32065 28.8738
-0.0561879 0.730454 -2.75338 50.7945
0.825435 -0.351488 -2.20314 43.5056
0.772436 0.50432 -1.92246 55.8153
-0.5665 0.437631 -2.38275 50.5439
0.115079 0.800966 -4.3015 3.80541
0.440705 0.354879 -3.62316 20.3022
0.213688 0.78935 -3.95496 3.6319
0.777509 -0.123852 -2.80028 36.874
0.191202 0.780639 -3.72157 8.67406
0.371948 0.472674 -3.65711 17.5216
0.147182 0.578034 -3.31784 22.7911
-0.37425 0.38641 -3.64172 19.4888
0.411132 0.431862 -4.15676 13.418
-0.0194011 0.649492 -3.54892 15.0321
-0.0838791 0.631213 -3.66347 13.2432
0.00161717 0.972658 -3.85049 0
-0.124655 -1.265 -3.90003 28.2876
0.240098 0.598537 -3.54414 16.6855
0.400339 0.261177 -4.48562 15.3557
0.268045 0.630375 -3.60377 14.9383
-0.362803 0.382786 -3.19497 29.9061
0.469581 0.556239 -3.81679 14.444
0.564572 -0.267927 -1.5873 49.0898
-0.0808707 0.837693 -4.39086 3.85311
0.0219148 0.610938 -2.85248 44.3638
-0.0409752 0.950147 -3.8531 0
0.375442 0.395865 -3.47995 22.0814
0.0419647 0.507443 -3.2726 23.8287
0.41766 0.657894 -3.8708 11.2921
0.724591 -0.489269 -3.7593 26.4591
0.229832 0.77079 -3.74049 8.80668
-0.0286129 0.514265 -3.48992 18.9356
-0.0882462 0.713623 -2.76201 49.8758
0.360717 0.667922 -3.74427 12.2322
-0.0748487 0.797221 -3.82339 5.5121
0.655887 -0.0151603 -3.54234 25.6553
0.372561 0.581101 -4.05812 10.7028
0.210802 0.865444 -4.04417 0
0.0289621 0.964555 -4.31086 0
-0.124705 0.447826 -3.06621 33.3018
0.570353 0.146744 -3.62652 23.1798
0.477386 0.245196 -3.31951 27.4015
-0.468606 0.366311 -3.55477 21.7362
0.281192 0.736728 -3.73547 10.1774
0.23667 0.46072 -3.37431 22.545
-0.277548 0.682158 -3.87952 9.74449
0.601437 -0.680945 -4.09461 25.0541
-0.351163 0.537226 -3.81604 14.3114
0.34972 0.924388 -1.63318 72.5622
0.831724 -0.56645 -2.43835 39.9266
0.470487 0.119417 -4.26278 17.7473
0.0751924 0.767181 -2.76423 51.5623
0.148421 0.567598 -3.32126 22.7298
-0.290645 0.358792 -3.14059 31.1947
0.486238 0.241559 -3.33312 27.1566
0.0993373 0.872313 -3.89705 0
0.341956 0.540646 -2.90256 40.4536
-0.0881949 0.893925 -3.81318 3.02742
0.520868 -0.245968 -1.63432 49.0973
0.258831 0.501947 -3.33894 23.5384
0.223086 0.799899 -4.18134 3.4621
0.504507 0.283107 -3.72179 20.1563
0.351816 -1.23568 -3.84209 28.5373
0.122928 0.967087 -4.28298 0
0.140103 0.50178 -3.3876 21.2852
0.814575 0.0454414 -2.15832 47.2392
0.226987 0.763178 -3.7271 9.25923
0.709702 0.067127 -3.18132 31.0886
0.551941 -1.24032 -2.73843 35.8335
-0.402327 0.361702 -3.33221 26.4644
0.0555828 0.56656 -3.2468 24.1501
0.0405903 0.526741 -3.24811 24.4769
0.472633 0.361843 -3.19733 30.1553
-0.00619678 0.621058 -3.52307 16.2234
-0.275054 0.677573 -2.65937 51.0303
0.69301 0.0768666 -3.39867 27.3073
0.0799798 0.61745 -2.84963 45.0261
0.672938 -1.09978 -2.98027 34.2552
0.0243735 -1.33837 -3.79011 29.002
-0.732105 0.11606 -2.5645 42.5065
0.297604 0.505171 -3.43063 21.2656
0.316382 0.522313 -3.48348 19.8346
0.177362 0.547539 -3.41487 20.4225
0.65878 -0.11633 -3.83212 23.3689
0.320678 0.527149 -3.489 19.648
0.337587 0.539805 -3.53482 18.5137
0.667162 -0.0207702 -3.23777 30.0681
-0.157342 0.487355 -3.15349 30.4352
0.650698 -1.11102 -3.39535 31.1715
0.702379 0.106258 -3.00908 34.3602
-0.210515 0.789181 -3.77772 8.07268
0.319309 0.569781 -2.89858 41.2703
-0.00282965 0.550503 -3.41218 20.3207
0.605753 -1.15168 -2.99077 34.1511
0.253199 -1.12297 -2.24753 39.6299
-0.0292736 0.593245 -2.88393 42.5693
0.219475 0.526409 -3.31599 23.526
-0.0349046 0.490622 -3.13196 30.56
0.735775 0.150361 -2.5507 42.9223
0.272265 0.735444 -4.02741 5.84252
0.25243 0.529293 -4.34908 10.6455
0.149824 -0.662926 -4.66282 22.3467
0.834706 -0.585101 -2.72964 36.9066
0.0150285 0.540328 -3.36907 21.6725
0.390288 0.556582 -3.91358 12.5045
0.76504 0.0297729 -2.5449 41.7945
0.302773 0.591448 -4.24241 9.48406
0.0112726 0.540188 -3.38433 21.2374
0.303106 0.510042 -3.4388 21.0116
0.293994 0.598197 -4.26313 9.29436
-0.0873635 0.56608 -4.45625 9.83397
-0.455322 0.488487 -3.72101 17.0803
-0.312909 0.573782 -4.29656 10.3362
0.0545062 0.552907 -3.31241 22.972
-0.440997 0.332243 -3.66793 20.1454
0.729274 0.0235689 -3.23971 30.0887
-0.0457234 0.455696 -3.3214 23.8888
0.40716 -0.0819729 -4.43249 18.8422
-0.0232134 0.528297 -3.14184 29.6717
0.0961116 0.806478 -4.31 3.63617
-0.568329 0.170739 -3.72214 21.8182
0.308122 1.00236 -2.23982 66.6146
0.577994 0.0245247 -4.03388 20.2251
0.424126 0.435479 -3.77473 16.7943
-0.0207892 0.497167 -3.23807 25.935
0.123868 0.545932 -3.50643 17.9699
-0.0447098 0.544635 -3.20243 27.4312
0.0488804 0.544908 -3.33722 22.4554
0.618626 0.288103 -2.9022 37.4593
-0.232029 0.541804 -4.39569 10.5946
0.0191441 0.515973 -3.18171 27.0274
0.226687 0.525815 -3.33072 23.2428
0.627358 0.201213 -4.04231 18.928
0.54228 -1.22746 -3.09855 33.3386
-0.0674919 0.838294 -3.8579 3.22388
-0.290204 0.735366 -4.10011 6.68653
0.80298 -0.384195 -2.17851 43.5276
0.330611 0.748841 -3.8439 8.59593
0.403715 0.509535 -3.58724 18.3426
0.385798 0.548179 -2.93414 39.1126
0.827918 -0.7153 -2.72665 36.7423
-0.483158 0.3858 -3.6238 20.3416
0.332019 0.402244 -4.34391 13.1923
0.742194 0.0921624 -1.87777 50.7602
-0.262397 0.444583 -3.19356 29.476
0.0915529 0.85583 -3.87163 1.40343
-0.326017 0.665929 -3.75932 12.2709
0.652131 0.163819 -1.66173 53.4487
0.512599 0.794526 -2.24572 58.6543
0.345277 0.590285 -3.82774 12.4495
0.784161 -0.00964958 -2.55187 41.2955
0.507188 0.516964 -3.98066 13.815
0.376248 0.471827 -3.68083 17.1887
-0.107561 0.539477 -2.95616 38.252
0.154699 0.555974 -3.33985 22.3477
0.132754 0.592 -3.46378 18.3537
0.829567 -0.638185 -2.97923 34.4803
-0.325502 0.36659 -3.4806 22.6065
0.187855 0.597042 -3.61374 14.9684
0.467701 0.550734 -3.80079 14.7183
0.622411 0.0385242 -3.40516 27.2766
0.428856 0.423966 -3.17608 30.6705
-0.108058 0.685136 -3.7242 10.8725
0.250591 0.84097 -3.86359 4.55993
0.207721 0.878834 -4.10568 0
0.716959 0.0855184 -3.02986 33.9007
0.39937 -0.759373 -1.83576 44.1317
-0.0780895 0.510015 -3.28993 25.1124
-0.187107 0.855162 -4.1836 2.11389
-0.102575 0.490152 -2.94637 37.6291
0.404646 0.437663 -4.18806 13.1636
0.435516 0.440159 -2.87953 39.3101
0.378756 0.502649 -4.18192 11.9141
-0.129552 0.886826 -4.22277 0
0.12215 0.814333 -3.7109 7.67608
0.678564 -0.0337114 -3.26074 29.7197
0.758779 -0.107392 -2.90062 35.4437
-0.709154 0.0269111 -2.57791 41.6523
-0.0757787 0.878856 -4.26428 0
-0.739681 -0.117037 -2.64944 39.5391
0.251835 0.861481 -3.90694 3.08859
-0.11815 0.717518 -3.76824 9.22209
0.337139 0.758684 -3.87345 7.93008
-0.463582 0.429766 -2.66069 44.9253
0.70055 0.217331 -2.55732 43.5325
-0.407884 0.987447 -2.18465 67.1603
0.56282 0.123802 -1.5791 53.6096
0.576015 0.124254 -3.52475 24.7864
0.394822 0.51546 -3.8354 14.3356
-0.123177 0.746317 -3.79711 7.94444
0.601425 0.617221 -2.29565 53.8518
0.377888 0.243892 -1.38712 56.5917
-0.141369 0.96879 -4.17417 0
0.265842 0.707944 -3.86871 8.09712
0.0829827 0.548265 -3.25336 23.6324
0.154377 0.927863 -3.98707 0
-0.0234597 0.219975 -4.62591 15.384
0.278917 0.713412 -3.98878 6.76906
0.507599 0.211937 -3.40365 26.0004
-0.0624878 0.572775 -2.90272 41.0711
0.499812 0.324115 -3.83652 18.2327
0.0424869 0.532725 -3.22295 25.138
-0.0484122 0.537037 -3.21785 26.976
0.0871523 0.828114 -3.83157 3.55608
0.462366 0.48677 -2.88817 39.7553
0.340113 0.542781 -3.53844 18.3931
0.711983 -0.205916 -3.64377 25.8154
0.285666 0.480629 -2.96847 38.4661
-0.316973 0.337095 -3.2068 29.4994
0.399804 0.381448 -3.53522 21.2843
0.368018 0.573168 -4.02788 10.9866
0.0248483 -0.677981 -1.6423 45.9511
0.288194 -0.80043 -1.83553 43.9322
0.161513 0.543637 -3.27599 23.5256
0.440031 0.406326 -3.19467 30.1818
0.293304 0.668775 -3.81971 10.2731
0.379056 0.504351 -2.90285 39.6515
-0.678594 0.0829887 -2.54308 42.5282
0.17934 0.635141 -3.54994 15.5728
0.481348 0.25869 -3.49719 23.8038
0.166331 0.547826 -3.36533 21.7999
0.29044 0.501566 -3.28492 25.5468
-0.34116 0.372101 -3.51888 21.7883
-0.285919 0.703622 -2.68153 51.3895
-0.269171 0.368671 -3.24552 28.1599
-0.0623155 0.510527 -3.32243 23.8571
0.297588 0.53801 -3.6338 16.3044
0.160715 -1.46267 -3.20258 32.6574
0.388742 0.55502 -3.89188 12.7804
-0.177685 0.499656 -3.41124 21.9148
-0.194879 0.970987 -4.18648 0
0.0886436 0.711592 -3.67934 10.7759
0.0270635 0.479659 -3.31877 23.08
-0.074797 0.812035 -3.83982 4.65361
0.517824 0.404432 -3.67326 19.1762
0.803488 -0.616849 -2.41822 39.9055
0.454899 0.616723 -4.02533 11.045
0.404862 0.426318 -3.68061 18.1178
0.685047 -0.974556 -2.53837 37.817
0.683045 0.101077 -3.35477 27.9286
0.593225 0.084422 -3.31715 28.3765
-0.534436 0.353203 -2.6157 44.4369
-0.181589 0.505883 -3.42116 21.5881
0.814694 -0.797049 -3.06996 33.6157
0.707345 0.0557485 -3.52152 25.7033
0.710318 0.486981 -1.93005 55.8852
0.705874 -0.222514 -3.70484 25.3372
0.0811375 0.803412 -3.79029 5.49178
0.502681 0.213694 -3.39431 26.1475
0.173814 0.584705 -3.59561 15.5197
0.580778 0.112121 -3.55351 24.4755
0.159124 0.501166 -3.44964 19.9547
0.126542 0.844297 -3.75122 5.83439
0.495414 0.261151 -3.59615 22.1548
0.0617544 0.575242 -3.28669 23.3576
-0.268551 0.436358 -3.20977 29.0383
0.36365 0.505106 -4.20586 11.7177
0.820006 -0.685725 -3.02338 34.0262
0.0749197 0.627231 -2.86797 44.9833
0.343799 0.531193 -4.23512 11.0707
0.142677 0.742954 -3.76098 8.24255
-0.357056 0.42072 -3.42913 23.2959
-0.435239 0.325827 -3.65314 20.4252
-0.0122716 0.540433 -3.27904 24.6281
0.433353 0.481706 -3.03157 35.041
0.648024 -0.119512 -3.88703 22.8453
0.00154273 0.886107 -3.87447 0
-0.63076 0.0206955 -3.46882 26.7446
-0.41926 0.31114 -3.58118 21.781
0.319545 0.573008 -4.4048 10.4656
0.282716 0.451955 -3.45568 21.1943
0.124708 -0.143462 -4.65203 18.8072
0.312107 0.461815 -3.51046 20.088
-0.0961997 0.540666 -3.44061 20.0955
0.551128 0.30432 -2.85043 38.5773
0.491531 0.260924 -3.58656 22.282
0.641921 0.15628 -3.30516 28.5258
-0.210394 0.785155 -3.77297 8.26881
0.585882 0.100802 -3.29699 28.6405
-0.165768 0.490229 -3.36621 23.2965
0.455238 0.531516 -3.74839 15.6152
0.511988 0.400553 -3.65768 19.4579
-0.653799 0.199783 -2.50173 44.512
-0.327867 0.421886 -3.37044 24.6225
-0.00253828 0.614755 -3.50927 16.701
0.272408 0.52702 -3.58556 17.2649
-0.0840922 0.537044 -2.9389 38.8968
0.503889 0.329231 -3.40976 24.9432
0.147501 -1.38462 -3.19719 32.6739
-0.322487 0.650963 -4.19028 8.91788
0.812078 -0.0480969 -2.03127 47.8519
0.255 0.678229 -2.74837 48.3676
0.000212694 0.533056 -2.9449 39.7384
0.387459 0.556124 -3.89831 12.6646
-0.0203399 0.525886 -3.31144 23.7719
0.644134 0.527974 -2.33735 51.1748
0.534374 0.478166 -3.90542 15.356
0.376935 0.521993 -3.07528 33.7803
0.0823735 0.542585 -2.89232 42.6917
0.450415 0.440795 -2.89025 39.108
0.381821 -0.63819 -4.53137 22.7582
-0.0683468 0.513363 -3.3409 23.2771
0.647584 0.143675 -3.32206 28.2527
0.206824 0.496519 -3.28606 23.8997
0.406656 0.442559 -4.39572 13.116
-0.0639715 0.575106 -3.58861 15.8518
0.586417 0.126838 -3.81928 21.4516
-0.134329 0.574014 -2.86536 41.9793
0.711424 0.0544031 -3.65798 24.0419
-0.211786 0.406217 -3.0052 35.063
0.228183 0.256045 -4.49764 14.8614
0.35498 0.473556 -3.61027 18.2298
0.542185 0.163927 -4.02719 18.9504
0.26669 0.747539 -4.08481 5.2376
0.120585 0.576571 -3.43345 19.3333
0.142905 0.502431 -3.33258 22.4076
0.315016 0.683434 -4.32361 8.01376
0.205821 0.871246 -4.08661 0
0.516811 0.185095 -4.1087 17.8763
0.393945 0.442993 -3.39038 23.6676
0.66241 0.188878 -2.94953 35.8452
-0.0532843 0.478744 -3.17545 28.9155
-0.116761 0.443034 -3.17383 29.593
-0.104922 0.552222 -3.47288 19.0848
-0.162088 0.486087 -3.35597 23.6126
0.196998 0.85547 -3.81615 4.53815
0.210039 0.546533 -3.55815 17.1729
-0.0198331 0.489535 -3.24856 25.5464
-0.489611 0.394865 -3.64064 19.9431
0.114728 0.62515 -3.60722 14.3078
-0.130736 0.53909 -3.57625 17.021
0.767763 -0.150171 -1.94925 47.4909
-0.100971 0.449791 -3.14327 30.5426
0.398244 0.427623 -3.64413 18.6328
0.741412 0.0257146 -3.08797 32.7815
0.677303 0.127652 -3.11399 32.3457
-0.669775 0.0825841 -3.19699 31.0253
0.785336 -0.705403 -2.43591 39.3205
0.15354 0.505555 -3.43611 20.2017
-0.142328 0.573553 -3.52198 17.6523
-0.477083 0.384885 -2.67727 43.6708
0.0846755 0.949331 -3.85341 0
-0.20406 0.298024 -1.31897 57.5827
0.221248 0.626616 -4.44617 9.22097
0.25968 0.73283 -4.15948 5.6529
0.0294358 0.488092 -3.38385 21.5652
0.89675 -0.591382 -3.18628 32.609
0.281731 0.706981 -3.96309 7.18731
-0.298149 0.427481 -3.31538 26.0166
0.332081 0.47493 -3.00753 36.3074
-0.0215616 0.57107 -3.45762 18.9084
0.666662 0.313626 -2.52771 45.3728
-0.150896 0.484272 -3.30275 25.2929
-0.0133021 0.553528 -3.26497 25.0015
0.395549 0.353913 -3.36444 25.2085
-0.030035 0.611134 -2.90252 42.5064
0.420413 0.515452 -3.62581 17.6528
0.465797 0.607196 -4.00154 11.5521
-0.273401 0.701297 -3.90493 8.91623
0.0762937 0.17403 -4.70723 15.9064
0.324887 0.491604 -3.00175 36.7099
0.314919 0.46421 -3.51365 20.0086
-0.00958234 0.54813 -3.18635 27.3105
0.205632 0.858287 -4.14826 0
-0.153272 0.610132 -3.57191 15.8656
-0.158974 0.623323 -3.58373 15.3427
-0.724623 -0.0749565 -2.61632 40.3397
0.403 0.509458 -2.95131 37.962
0.420749 0.333342 -3.41029 24.4473
-0.139975 0.438891 -3.23688 27.4186
0.440032 0.458075 -3.90928 14.9114
-0.144188 0.509373 -3.00463 35.8872
-0.338513 0.753935 -3.87704 8.77241
0.344185 0.482308 -3.05167 34.5606
-0.170254 0.652842 -3.62234 13.9716
-0.0938014 0.464658 -3.03205 34.4515
0.729118 -0.239737 -1.92909 46.8715
-0.202498 0.268567 -4.5657 14.9144
0.59488 0.100317 -3.60238 23.9328
-0.0110021 0.541515 -2.95968 39.2804
0.359892 0.397711 -4.31819 13.396
0.495747 0.325338 -3.25057 28.7922
0.437071 0.41224 -3.41553 23.6584
0.604263 0.335281 -2.86555 38.7377
-0.183344 -0.702352 -1.72893 45.2753
-0.0803296 0.521834 -3.39031 21.6943
0.376071 -1.333 -3.31406 31.9469
0.150139 0.564997 -3.55639 16.6533
0.654692 0.159814 -3.08178 32.9862
0.169185 0.953655 -4.04647 0
0.696618 0.0814246 -3.45269 26.6057
0.279605 0.706429 -3.97803 7.0366
0.709798 -0.978869 -3.34178 31.4337
0.537687 0.305976 -3.4812 23.8986
-0.0118663 0.547924 -3.27009 24.8557
-0.219672 0.296144 -1.26647 57.6453
0.142928 0.497177 -3.39518 21.1266
0.670777 -0.355012 -1.82212 46.8033
-0.0732114 0.513823 -3.37051 22.3505
-0.469607 0.531553 -3.80422 15.3179
-0.210662 0.406862 -3.00328 35.1182
-0.122774 0.525512 -3.5625 17.498
0.514148 0.328211 -3.42889 24.584
-0.650253 0.227156 -3.76693 20.9468
0.403157 0.34057 -3.38324 24.9387
0.487572 0.257173 -3.51154 23.5873
0.389201 0.41771 -3.58479 19.7491
-0.128059 0.498584 -2.9683 36.9903
0.420074 -0.900554 -4.21034 25.4045
-0.174503 0.664643 -3.63309 13.5244
-0.285642 0.465162 -2.88611 39.0832
-0.287607 0.428657 -3.24868 27.967
0.630729 -1.01744 -2.53532 37.7559
0.714972 0.0536409 -3.67669 23.8638
0.764986 -0.62477 -3.61723 28.3167
-0.339312 0.551189 -3.63653 16.6622
0.0788258 0.798729 -3.78444 5.77387
0.450006 0.382068 -3.21905 29.3736
0.170637 0.95165 -4.03687 0
0.271799 0.729965 -4.14001 5.80468
0.639691 -0.174656 -3.98753 22.3055
0.531393 0.296017 -3.32895 27.1201
0.425499 0.517024 -3.65064 17.1765
-0.401551 0.305835 -3.49609 23.2742
0.365037 0.432731 -3.53956 20.2499
0.240651 0.775113 -4.15723 4.22489
-0.273899 0.361423 -3.26101 27.8089
0.0358107 -1.10501 -2.09545 40.7432
-0.376937 0.428066 -3.49317 21.8094
0.638173 0.217239 -3.7821 21.0931
-0.142328 0.492362 -3.266 26.4475
-0.153911 0.485691 -3.31198 24.9988
0.637774 0.218735 -3.71659 21.73
-0.0442677 0.507738 -2.99719 36.7035
0.789815 -0.450771 -2.17029 43.0861
0.547324 0.275484 -3.38845 25.9798
-0.0235798 0.65834 -3.56502 14.4851
0.488187 0.483966 -3.74983 16.6855
-0.255015 0.554089 -2.84078 42.2777
-0.103312 0.880922 -4.24082 0
0.213138 0.671263 -3.6106 13.6307
0.559815 0.308001 -3.57997 22.1863
0.393929 0.511731 -3.81917 14.5989
0.1124 0.788941 -3.67038 9.22761
-0.24302 0.455156 -3.01633 35.0957
-0.134099 0.547404 -2.99016 37.0048
-0.297672 0.638579 -4.25357 8.92927
0.741829 0.0104856 -3.26563 29.6488
-0.0146805 0.496746 -3.45953 19.8889
-0.296407 0.353467 -3.30862 26.6278
-0.143167 0.557822 -3.61664 15.9049
-0.286005 0.474067 -3.62519 18.0293
0.751152 0.0126083 -3.10558 32.4907
0.139277 0.726265 -3.6198 11.9078
-0.284373 0.725637 -4.14365 6.74569
0.0250399 0.487871 -3.39999 21.2086
0.39184 -0.341845 -1.54754 48.9444
-0.672196 0.265907 -2.49436 45.3292
0.500702 0.194804 -4.13793 17.4818
-0.104188 0.450053 -3.1502 30.3244
0.643077 0.187917 -3.06148 33.473
0.224076 0.800877 -4.00248 2.84175
0.0228829 1.11963 -2.23467 77.7203
0.808156 -0.683117 -3.30455 31.3967
-0.190231 0.708737 -3.68317 11.5882
-0.151561 0.61522 -3.67757 13.6102
0.704857 -0.509419 -3.90594 25.3772
0.262479 0.505371 -3.5359 18.5581
0.525526 0.392303 -2.81336 40.5375
-0.323345 0.515137 -3.57244 18.4712
0.428295 0.399221 -3.28278 27.298
-0.332838 0.556454 -2.7246 45.8264
-0.0202818 0.495834 -3.24057 25.838
0.12244 0.832909 -3.73789 6.48055
0.437261 0.465346 -3.86838 15.2106
0.555493 0.30647 -3.56999 22.3636
0.290758 0.320759 -4.55505 14.4105
0.111548 0.623842 -3.59994 14.4876
-0.0435432 0.67428 -3.68124 11.7412
0.0353844 -1.41158 -3.22689 32.4933
0.402122 0.431629 -3.25007 28.0194
0.385413 0.500318 -3.77518 15.3412
-0.169214 0.655284 -3.72657 11.8465
-0.0863271 0.494468 -3.0228 35.2867
0.237598 0.564297 -2.84512 43.5445
0.641578 0.249118 -2.92118 36.8446
-0.0365769 0.521793 -3.51416 18.2899
-0.123873 0.755382 -3.80837 7.48178
0.144389 0.494822 -3.3377 22.3228
-0.461468 0.359375 -3.53388 22.2361
0.610069 -0.990444 -3.85826 27.8011
0.427631 0.465912 -3.84047 15.4558
-0.614269 0.239343 -2.47805 45.3924
-0.146794 0.604939 -3.66768 13.9784
0.0466827 0.542833 -3.34665 22.1956
-0.326998 0.520029 -3.58977 18.0542
-0.0333574 0.652311 -3.6601 12.6784
0.266137 0.52151 -3.57746 17.4733
-0.124148 0.834449 -2.66715 56.055
-0.0804213 0.771655 -3.8026 6.75439
0.294502 0.886483 -4.08818 2.10214
-0.338037 0.470393 -3.52532 20.244
0.427208 0.464147 -3.83279 15.5772
0.0231712 0.476867 -3.33497 22.8131
-0.448045 0.473714 -3.69806 17.6135
0.394436 0.413082 -3.61079 19.4006
0.242285 0.582133 -2.86724 43.4611
-0.0553961 0.484517 -2.99883 36.239
-0.640122 0.270515 -3.858 19.3352
0.463924 0.465278 -3.65377 18.2492
-0.106434 0.599457 -2.85411 43.208
0.673737 -0.550182 -4.02353 24.7984
0.627454 0.220953 -3.66213 22.3017
-0.0635999 0.548801 -3.5661 16.8139
-0.34944 0.747001 -2.58529 54.5916
0.657566 0.38417 -2.47127 47.4808
-0.0268096 0.578023 -3.47704 18.2202
0.263465 0.946713 -4.04072 0.738262
0.298144 0.484483 -3.32326 24.5031
0.686847 -0.510724 -3.95985 24.9567
0.406517 0.420942 -3.26081 27.7609
0.588632 0.351708 -3.92043 17.6593
-0.162025 0.509434 -3.02194 35.194
0.302613 0.486237 -3.33108 24.3071
-0.0268918 0.63994 -3.64233 13.2849
-0.331784 0.418915 -3.38815 24.205
0.402164 0.459651 -2.96357 37.0563
-0.109686 0.520913 -3.03787 34.8193
-0.00210071 0.608482 -3.60005 14.8009
0.539704 -0.757403 -4.20304 24.8692
0.795059 -0.71333 -3.35569 30.9285
0.264462 0.716142 -3.89204 7.49161
-0.00682871 0.615606 -3.61541 14.3565
0.400987 0.51056 -3.57432 18.5761
0.163851 0.492907 -3.36939 21.8472
0.405602 0.697088 -2.64639 50.4981
-0.342209 0.55891 -2.73306 45.6528
0.244429 0.885495 -4.24416 2.15943
0.0101393 0.590227 -3.479 17.9345
-0.301004 0.424121 -3.32704 25.6887
0.363825 0.672715 -3.75734 11.9431
-0.123361 0.501185 -3.22613 27.5507
-0.322787 0.517792 -2.71398 45.0197
-0.417523 0.349874 -3.37022 25.6555
0.386776 0.475763 -3.71249 16.6926
0.397766 0.485784 -3.51403 20.175
-0.270118 0.628239 -4.29435 8.99421
0.715839 0.0498931 -3.55167 25.3694
0.58837 0.225626 -4.16122 17.3674
-0.349738 0.388066 -3.16828 30.5738
0.293976 0.501275 -3.29214 25.3998
0.416879 0.416305 -3.3835 24.2783
0.540892 0.456759 -2.80465 41.6082
0.615177 -0.394631 -1.79141 46.7421
0.612837 0.062945 -3.36504 27.7186
0.226591 0.492239 -2.90632 41.3565
-0.0856379 0.466173 -3.10162 32.0073
0.648262 0.060634 -2.99413 34.3536
-0.0895262 0.853903 -3.7784 5.17451
0.274696 0.921675 -4.13793 1.22378
0.358319 0.581606 -4.09043 10.4134
0.788156 -0.0698935 -1.99375 48.0072
-0.194286 0.522706 -3.46813 20.1045
0.273147 0.797033 -2.64748 53.8971
-0.411594 0.305936 -3.55899 22.1455
0.592528 0.0829673 -3.91993 20.9391
0.436352 0.12272 -4.34885 17.3294
-0.0566207 0.475995 -3.07127 33.366
0.142633 0.623985 -2.83929 45.4905
0.746499 -0.642521 -3.67952 27.8309
0.625162 0.226697 -3.63236 22.6153
-0.0039029 0.518293 -3.01629 36.7014
0.0232332 0.577216 -3.55981 16.2772
-0.00177954 0.956167 -3.84555 0
-0.106446 0.509424 -3.18697 28.8715
0.493314 0.195167 -4.17752 17.2392
-0.126061 0.787902 -3.83923 5.99527
0.789463 -0.801606 -3.40166 30.7274
-0.103974 0.514496 -3.17668 29.2568
-0.40394 0.355825 -3.14059 31.5156
0.0163284 0.512965 -3.18936 26.9189
-0.00739496 0.554115 -3.42943 19.8198
0.344244 0.60504 -4.12436 9.69476
-0.149559 0.569502 -3.62841 15.4865
0.408316 0.675602 -2.63543 50.1489
0.440338 -0.436521 -4.42915 21.8082
0.367768 0.429677 -3.55017 20.1116
0.294965 0.535399 -3.6299 16.405
0.509271 0.568345 -2.69646 45.8004
-0.31805 0.3342 -2.9794 35.5187
0.00855113 0.513597 -3.20612 26.5238
-0.162957 -1.0942 -2.17627 40.29
-0.0248438 0.521633 -3.33076 23.1979
0.565851 -0.495069 -1.78555 45.9567
-0.41944 0.336948 -3.21117 29.7603
-0.175838 0.844371 -3.81041 5.55213
-0.291486 0.423029 -3.26229 27.582
0.616374 0.231864 -3.0299 34.2543
-0.434232 0.325875 -3.28635 27.9555
0.434578 0.386427 -3.30074 26.898
0.0195973 0.581544 -3.57115 15.9795
-0.232228 0.757104 -3.91039 6.94952
-0.167057 0.543961 -2.895 40.2328
0.117405 0.706401 -3.58496 13.0344
-0.0528176 0.491162 -3.06656 33.7359
-0.380445 0.293699 -3.33425 26.7561
0.706683 0.217373 -1.78815 53.0656
0.231554 -1.3598 -3.35047 31.7139
-0.0828425 0.467776 -3.09686 32.2162
0.151018 0.608978 -3.49781 17.2047
0.217718 0.766938 -3.90546 5.15995
-0.0903656 0.574934 -2.95156 39.1819
-0.317907 -1.07963 -2.24368 39.8387
-0.408118 0.321475 -2.77808 40.7822
0.446239 0.396978 -4.0835 14.624
-0.138944 0.81711 -2.65719 55.7564
-0.234722 0.387456 -3.03379 34.2178
0.120513 0.709584 -3.59389 12.7842
0.580336 -1.09988 -2.59843 37.0568
0.50788 0.418339 -2.80293 41.0859
0.168625 0.542018 -3.37492 21.5888
0.741833 -0.714719 -3.74608 27.6468
-0.000862272 0.506187 -3.02314 36.4243
0.41825 0.403524 -3.042 34.1417
-0.444983 0.327224 -3.31031 27.3919
0.283651 0.435381 -3.33939 24.1118
0.424871 0.700478 -2.6588 50.1696
0.574909 0.140123 -3.11142 32.1815
-0.162013 -1.3676 -3.2825 32.1434
0.272748 0.452221 -3.28589 25.2638
0.396203 0.670987 -2.62679 50.1877
0.501266 0.418057 -2.79817 41.1659
-0.66186 0.282814 -2.47891 45.9817
0.302895 -0.378162 -1.53851 48.7281
-0.0254332 0.507387 -3.09222 32.6711
-0.0175343 0.488065 -3.03633 35.4581
0.188353 0.60971 -2.82087 45.5687
0.408926 0.428577 -3.02444 34.8475
0.155003 0.548978 -3.34421 22.2014
-0.334763 0.469026 -3.50461 20.7234
0.0015365 0.494421 -3.03024 36.1308
0.414097 0.122981 -4.37476 17.159
0.186956 0.509949 -3.49145 19.0557
-0.464554 -1.01397 -2.36248 39.2114
-0.128289 0.813904 -2.64729 55.8629
-0.0325443 0.527301 -3.07593 33.5153
0.128719 0.665637 -3.55478 14.6066
-0.413005 0.352161 -3.1591 31.0637
0.403289 0.430513 -3.0177 35.0837
0.0213196 0.5172 -3.17855 27.046
0.265884 0.452896 -3.27471 25.3589
-0.362208 0.378997 -2.99177 35.4381
0.295056 0.674439 -3.83569 9.87574
-0.126035 0.795481 -3.84764 5.60724
-0.568332 0.154521 -3.65796 22.8321
-0.260931 0.366554 -3.0836 32.8777
0.236165 -0.486674 -1.56045 47.6836
-0.392562 0.296829 -1.37622 57.4145
0.165672 0.581358 -3.57697 15.9429
0.0855206 0.903405 -4.25455 0
0.231279 0.514186 -3.34993 22.8204
0.143412 0.563287 -3.54277 16.9289
0.182015 0.546283 -3.39582 21.0008
-0.0696622 0.53813 -3.1379 30.5492
-0.236036 0.731943 -3.88535 7.97841
0.553548 0.274865 -3.40006 25.7501
-0.168533 0.441873 -2.95322 36.7165
0.249278 0.198062 -1.33486 56.1441
0.421358 0.32263 -3.32893 26.4258
0.259886 0.794843 -2.64091 53.9986
-0.393285 0.278551 -3.23681 29.1291
-0.272657 0.797311 -3.84474 7.40089
0.242064 0.678478 -4.25499 7.21293
-0.343374 0.560511 -3.65891 16.1164
0.127485 0.545966 -3.51366 17.8017
-0.604706 0.256241 -2.4647 45.733
-0.191464 0.49356 -2.95908 37.3629
0.644344 0.216894 -3.81794 20.8532
0.412566 0.422952 -3.37002 24.5491
0.0704546 0.783087 -3.75344 7.04264
-0.206207 0.493611 -2.97339 36.7181
-0.279482 0.423547 -3.07091 33.2686
0.249873 -1.32301 -2.79725 35.4161
0.251027 0.851558 -3.87819 3.88014
-0.148838 0.587571 -3.53473 17.1107
0.208913 -1.25515 -3.88573 28.3075
-0.0645098 0.544358 -3.1291 30.9068
0.386211 0.603198 -3.69024 14.712
0.254459 0.49854 -3.52681 18.8116
-0.155045 0.599039 -2.78524 44.9608
0.38296 0.153234 -4.40783 16.6224
-0.542521 0.224048 -1.52866 55.2977
-0.0321508 0.525069 -3.35313 22.5419
-0.129781 0.520982 -3.05737 33.96
-0.0552534 0.535535 -3.00992 36.3751
0.739741 0.275308 -1.83402 53.3884
0.368549 0.686541 -3.79752 11.07
0.197374 0.885913 -4.1326 0
-0.248823 0.284742 -4.53167 14.7879
-0.0845009 0.503951 -3.3175 24.2262
-0.0683401 0.539823 -2.88878 40.6011
-0.277931 0.657912 -3.85062 10.6978
0.23978 0.517522 -3.36481 22.4677
-0.309071 -1.32807 -3.32479 31.8151
0.49801 0.532343 -2.68565 45.4332
0.00353122 0.85438 -4.30327 1.90538
-0.64867 0.169729 -1.64896 53.8575
-0.030981 0.489008 -3.09508 32.4794
0.462253 0.369375 -3.24051 28.811
0.211481 0.569645 -3.47435 18.6879
-0.0378521 0.524857 -3.3763 21.8437
-0.0453203 0.626 -2.85076 44.5368
0.489886 0.530095 -2.68024 45.4507
-0.261453 0.547974 -4.36767 10.5495
0.0137437 0.585451 -3.46567 18.3367
-0.380973 0.282903 -3.21076 29.6889
0.276302 0.434523 -3.32816 24.2978
-0.294505 0.42026 -3.0969 32.4258
-0.456435 0.31854 -3.36208 26.2385
-0.358152 0.307087 -3.14087 31.3257
0.685732 -0.657015 -2.06379 42.8875
0.360014 0.476122 -3.02762 35.3067
-0.466217 0.322125 -3.38397 25.7537
-0.266731 0.675316 -2.65186 51.1232
0.12542 0.663169 -3.54584 14.8515
-0.449394 0.264755 -2.85095 38.5074
-0.176345 0.446883 -2.95891 36.6856
-0.293907 0.371148 -3.38955 24.4907
-0.391146 0.302173 -3.47065 23.7645
-0.478446 0.318688 -3.44646 24.4557
-0.144663 0.575106 -4.43242 9.75558
-0.225979 0.775582 -3.93086 6.04766
0.40019 0.484038 -3.52334 20.0093
-0.0235722 0.509249 -2.94224 39.1012
-0.337176 0.332424 -3.3619 25.6631
-0.420578 0.257782 -3.3086 27.639
0.60107 -0.719711 -2.04117 42.7953
-0.265935 0.62971 -3.78992 12.0969
-0.490735 0.309782 -2.86882 38.1589
-0.104472 0.471503 -3.03981 34.3431
0.0488819 0.569672 -2.8867 42.973
0.314748 0.47729 -3.36989 23.2918
0.472455 0.3486 -3.26967 28.0638
0.731465 -0.546295 -2.1179 42.9787
-0.234291 0.618129 -4.33751 9.02916
-0.461424 0.263094 -2.94469 36.1627
-0.188184 0.608461 -4.38142 9.14882
0.523058 -0.889088 -2.08693 41.5349
-0.410135 0.258184 -3.28733 28.0714
-0.335677 -0.715014 -1.80171 44.6865
-0.514394 0.288625 -2.97369 35.519
0.119339 0.57749 -3.42947 19.4559
-0.234256 0.795357 -3.97562 5.00867
-0.304171 0.415818 -3.12124 31.6966
-0.340599 0.330924 -3.09603 32.524
0.582621 0.0852162 -3.96367 20.452
-0.197807 0.529517 -3.47654 19.812
-0.33727 0.320075 -4.44797 14.5514
-0.370171 0.301954 -3.16371 30.7873
-0.47972 -0.697702 -1.93944 43.8049
-0.140991 0.494263 -3.26011 26.6267
-0.179324 0.503641 -2.90135 39.2247
-0.316464 0.5157 -2.70854 45.0153
-0.322778 0.335579 -3.06185 33.4809
0.0596012 0.909258 -4.25914 0
0.380308 0.458718 -2.94785 37.6714
-0.140837 0.49931 -3.24989 26.9351
-0.158884 0.496878 -2.88376 39.6096
-0.0282129 0.515038 -3.08785 32.8832
-0.176144 0.839786 -3.80514 5.7933
0.327644 0.62029 -4.14915 9.11441
-0.445593 -1.22658 -3.37863 31.4207
0.192227 0.895474 -4.15693 0
-0.112446 0.566779 -3.49085 18.4025
0.46517 -0.96029 -2.13655 40.8821
0.324739 0.623959 -4.16337 8.98746
-0.0753116 0.513965 -3.27768 25.4634
-0.426347 0.34465 -4.32833 14.6245
-0.429686 0.334519 -3.23494 29.1973
0.464218 0.402253 -4.03631 14.9582
-0.209716 0.550037 -3.52144 18.4318
-0.0299802 0.497019 -3.12367 30.9585
0.461462 0.192969 -4.24097 16.9066
0.318878 0.480115 -3.37636 23.1259
-0.212912 0.556918 -3.5277 18.1863
-0.0148057 0.532115 -3.29386 24.238
0.237084 0.494123 -3.49162 19.5687
0.00748583 0.919708 -4.25882 0
0.423954 0.236931 -4.31082 16.0041
-0.246608 0.371974 -3.04927 33.7331
-0.254283 0.420186 -2.87117 38.9837
0.174415 0.900263 -4.17385 0
0.0194561 0.493775 -2.98468 38.2488
-0.445781 0.242419 -3.38467 26.1804
-0.437589 0.241161 -3.36741 26.521
-0.249572 0.417165 -2.86774 38.9704
0.248182 0.511327 -3.39168 21.8275
-0.268064 0.436608 -3.05637 33.723
-0.174374 0.801375 -3.77188 7.51231
0.407657 0.249909 -4.32863 15.6909
-0.0673579 0.484216 -3.08159 32.9437
0.461326 0.400546 -4.00139 15.2322
0.468999 0.395779 -3.98006 15.5331
0.256963 0.517334 -3.40544 21.4466
0.0521274 0.485438 -2.96448 39.4492
0.765464 -0.460299 -2.11049 43.5447
0.0513086 0.502018 -2.95882 39.8644
-0.0720259 0.584423 -3.49762 17.7728
-0.33467 0.372757 -2.83909 39.4859
-0.252556 0.786617 -4.01582 5.0828
-0.302533 0.403659 -2.81685 40.2455
-0.485282 0.32284 -3.46375 24.0791
-0.374138 0.337459 -4.39562 14.512
0.270074 0.520084 -3.43765 20.6946
0.0484794 0.513369 -2.95322 40.1573
-0.327815 0.447954 -2.82772 40.7406
-0.174145 0.793804 -3.76297 7.90533
0.544441 0.306344 -3.49608 23.6374
0.277526 0.526682 -3.44872 20.3601
-0.299741 0.401868 -2.81482 40.2267
0.400897 0.253286 -4.34383 15.577
-0.333636 0.447974 -2.83337 40.5767
-0.0126254 0.920812 -4.25129 0
-0.371852 0.413259 -2.86077 39.3415
-0.392719 0.386142 -2.87532 38.652
-0.424819 0.34528 -2.93187 36.7811
